49.84336853,-14.78777504,709.28735352
49.84336853,-14.76043129,709.02618408
49.84336853,-14.75066566,708.88690186
49.84336853,-14.73504066,708.72137451
49.84336853,-14.70379066,708.57360840
49.84336853,-14.68621254,708.44110107
49.84336853,-14.68621254,707.57165527
49.84336853,-14.66668129,707.02252197
49.84336853,-14.66472816,706.87420654
49.84336853,-14.66277504,706.72637939
49.84336853,-14.65886879,706.42626953
49.84336853,-14.65691566,705.79925537
49.84336853,-14.64910316,705.47540283
49.84336853,-14.64715004,704.91699219
49.84336853,-14.60613441,704.43707275
49.84336853,-14.59832191,704.31188965
49.84336853,-14.59246254,704.17498779
49.84336853,-14.58855629,703.67474365
49.84336853,-14.57293129,702.96740723
49.84336853,-14.56511879,702.82104492
49.84336853,-14.54754066,702.37115479
49.84336853,-14.58465004,701.63616943
49.84336853,-14.58855629,701.47167969
49.84336853,-14.60808754,701.32928467
49.84336853,-14.60418129,700.87939453
49.84336853,-14.58855629,700.75006104
49.84336853,-14.58074379,700.45520020
49.84336853,-14.57879066,699.99584961
49.84336853,-14.59441566,699.23614502
49.84336853,-14.58269691,699.09271240
49.84336853,-14.56511879,698.94714355
49.84336853,-14.56316566,698.79107666
49.84336853,-14.56707191,698.65734863
49.84336853,-14.55535316,698.52050781
49.84336853,-14.57293129,697.93035889
49.84336853,-14.60808754,697.50958252
49.84336853,-14.61590004,697.35430908
49.84336853,-14.61004066,697.22589111
49.84336853,-14.60808754,697.08740234
49.84336853,-14.58074379,696.93792725
49.84336853,-14.55144691,696.92742920
49.84336853,-14.53777504,696.61401367
49.84336853,-14.51629066,695.98846436
49.84336853,-14.49675941,695.85424805
49.84336853,-14.47918129,695.72515869
49.84336853,-14.46941566,695.43511963
49.84336853,-14.45574379,695.40924072
49.84336853,-14.45379066,695.15661621
49.84336853,-14.44597816,694.88159180
49.84336853,-14.43035316,694.75225830
49.84336853,-14.44402504,694.28906250
49.84336853,-14.49675941,693.75653076
49.84336853,-14.51238441,693.60980225
49.84336853,-14.53972816,693.46203613
49.84336853,-14.55340004,693.29992676
49.84336853,-14.56121254,692.72070313
49.84336853,-14.56121254,692.58288574
49.84336853,-14.56511879,692.44110107
49.84336853,-14.53191566,692.15820313
49.84336853,-14.50066566,691.53167725
49.84336853,-14.47136879,690.93322754
49.84336853,-14.47136879,690.80029297
49.84336853,-14.46941566,690.66900635
49.84336853,-14.46746254,690.40905762
49.84336853,-14.46746254,690.14642334
49.84336853,-14.47136879,690.01519775
49.84336853,-14.46941566,689.52746582
49.84336853,-14.47722816,689.37725830
49.84336853,-14.49090004,688.77770996
49.84336853,-14.49480629,688.41094971
49.84336853,-14.50457191,688.27716064
49.84336853,-14.51629066,688.13012695
49.84336853,-14.52410316,687.96972656
49.84336853,-14.53191566,687.81213379
49.84336853,-14.55730629,687.79583740
49.84336853,-14.56707191,687.51531982
49.84336853,-14.57488441,687.38183594
49.84336853,-14.52410316,686.81781006
49.84336853,-14.53582191,686.35760498
49.84336853,-14.54949379,686.16790771
49.84336853,-14.54168129,685.83557129
49.84336853,-14.52215004,685.07940674
49.84336853,-14.52605629,684.92297363
49.84336853,-14.51238441,684.32562256
49.84336853,-14.51629066,679.73992920
49.84336853,-14.52996254,679.40368652
49.84336853,-14.53386879,679.11614990
49.84336853,-14.52410316,678.35949707
49.84336853,-14.53386879,677.50219727
49.84336853,-14.53972816,677.06420898
49.84336853,-14.52019691,676.34228516
49.84336853,-14.45965004,675.79736328
49.84336853,-14.44793129,675.06750488
49.84336853,-14.47332191,674.88970947
49.84336853,-14.46160316,674.73760986
49.84336853,-14.45379066,674.58935547
49.84336853,-14.44988441,674.43988037
49.84336853,-14.44207191,673.58294678
49.84336853,-14.44793129,673.30511475
49.84336853,-14.45183754,672.89721680
49.84336853,-14.45965004,672.76196289
49.84336853,-14.46160316,672.61486816
49.84336853,-14.48699379,672.50714111
49.84336853,-14.50457191,672.09429932
49.84336853,-14.51238441,671.93054199
49.84336853,-14.52800941,671.77960205
49.84336853,-14.54168129,671.61822510
49.84336853,-14.53777504,671.33581543
49.84336853,-14.52605629,670.78393555
49.84336853,-14.46941566,670.06542969
49.84336853,-14.46550941,669.88952637
49.84336853,-14.47332191,669.71661377
49.84336853,-14.47527504,669.38616943
49.84336853,-14.47918129,669.20904541
49.84336853,-14.48894691,669.02929688
49.84336853,-14.50261879,668.86846924
49.84336853,-14.50261879,668.25335693
49.84336853,-14.51043129,668.10894775
49.84336853,-14.52410316,667.96264648
49.84336853,-14.52410316,667.82391357
49.84336853,-14.50261879,667.70513916
49.84336853,-14.46355629,667.14550781
49.84336853,-14.49480629,666.69470215
49.84336853,-14.50652504,666.53643799
49.84336853,-14.51629066,666.09271240
49.84336853,-14.53777504,665.94152832
49.84336853,-14.51043129,665.10906982
49.84336853,-14.50066566,664.97247314
49.84336853,-14.49285316,664.83831787
49.84336853,-14.48699379,664.68231201
49.84336853,-14.48113441,664.53375244
49.84336853,-14.47136879,664.37292480
49.84336853,-14.46355629,664.07470703
49.84336853,-14.48113441,663.29052734
49.84336853,-14.48699379,663.16070557
49.84336853,-14.48894691,663.02429199
49.84336853,-14.50261879,662.77404785
49.84336853,-14.51629066,662.48718262
49.84336853,-14.51629066,662.19213867
49.84336853,-14.51824379,661.44354248
49.84336853,-14.50457191,661.30670166
49.84336853,-14.49871254,660.83697510
49.84336853,-14.52019691,660.35076904
49.84336853,-14.53582191,659.86920166
49.84336853,-14.52410316,659.71704102
49.84336853,-14.52410316,659.57385254
49.84336853,-14.52215004,659.37249756
49.84336853,-14.51238441,658.91076660
49.84336853,-14.49871254,658.76177979
49.84336853,-14.49480629,658.59222412
49.84336853,-14.50652504,657.78814697
49.84336853,-14.49090004,657.32763672
49.84336853,-14.47918129,657.02429199
49.84336853,-14.50066566,656.16851807
49.84336853,-14.51433754,655.90173340
49.84336853,-14.50847816,655.75292969
49.84336853,-14.50457191,655.27038574
49.84336853,-14.49480629,655.11175537
49.84336853,-14.48308754,654.95837402
49.84336853,-14.48308754,654.82153320
49.84336853,-14.47527504,654.65319824
49.84336853,-14.47332191,654.50628662
49.84336853,-14.46941566,654.36383057
49.84336853,-14.47136879,654.21051025
49.84336853,-14.47722816,654.03997803
49.84336853,-14.47527504,653.66302490
49.84336853,-14.54363441,653.09204102
49.84336853,-14.53386879,652.39630127
49.84336853,-14.50261879,652.22216797
49.84336853,-14.50847816,651.79333496
49.84336853,-14.51824379,651.33105469
49.84336853,-14.52019691,650.76763916
49.84336853,-14.57097816,650.31024170
49.84336853,-14.58269691,649.84967041
49.84336853,-14.53972816,649.57965088
49.84336853,-14.51629066,649.45513916
49.84336853,-14.48894691,648.61614990
49.84336853,-14.48504066,648.37847900
49.84336853,-14.48308754,648.23510742
49.84336853,-14.47136879,647.53790283
49.84336853,-14.47918129,647.36004639
49.84336853,-14.44402504,646.75732422
49.84336853,-14.44988441,646.42810059
49.84336853,-14.47136879,646.26672363
49.84336853,-14.46355629,645.98455811
49.84336853,-14.46355629,645.78057861
49.84336853,-14.46355629,645.71630859
49.84336853,-14.48113441,645.53393555
49.84336853,-14.50457191,645.33477783
49.84336853,-14.50261879,644.60778809
49.84336853,-14.51043129,644.13104248
49.84336853,-14.52605629,643.98986816
49.84336853,-14.48699379,643.22546387
49.84336853,-14.51043129,643.06774902
49.84336853,-14.49675941,642.90960693
49.84336853,-14.50261879,642.12731934
49.84336853,-14.51629066,641.98437500
49.84336853,-14.51824379,641.84191895
49.84336853,-14.53191566,641.67675781
49.84336853,-14.50261879,640.84899902
49.84336853,-14.51043129,640.69750977
49.84336853,-14.53191566,640.52166748
49.84336853,-14.53777504,640.05749512
49.84336853,-14.53582191,639.91894531
49.84336853,-14.51629066,639.17517090
49.84336853,-14.51824379,638.40527344
49.84336853,-14.52800941,637.64093018
49.84336853,-14.53386879,637.38323975
49.84336853,-14.56121254,637.28417969
49.84336853,-14.53777504,636.61218262
49.84336853,-14.56316566,636.32360840
49.84336853,-14.60222816,636.31121826
49.84336853,-14.60418129,636.13470459
49.84336853,-14.61199379,636.03918457
49.84336853,-14.62371254,635.94647217
49.84336853,-14.63347816,635.76208496
49.84336853,-14.64910316,635.67462158
49.84336853,-14.64910316,635.49145508
49.84336853,-14.63152504,635.39715576
49.84336853,-14.61785316,635.31463623
49.84336853,-14.60613441,634.53338623
49.84336853,-14.62761879,634.14501953
49.84336853,-14.58855629,633.32525635
49.84336853,-14.58660316,633.16290283
49.84336853,-14.58660316,633.00494385
49.84336853,-14.60027504,632.92254639
49.84336853,-14.60613441,632.85015869
49.84336853,-14.61785316,632.76580811
49.84336853,-14.61590004,632.61999512
49.84336853,-14.61590004,632.46472168
49.84336853,-14.61394691,632.22729492
49.84336853,-14.64324379,631.42474365
49.84336853,-14.67058754,631.28424072
49.84336853,-14.69402504,630.68829346
49.84336853,-14.66668129,630.56414795
49.84336853,-14.56707191,629.81860352
49.84336853,-14.56511879,629.66210938
49.84336853,-14.53777504,629.33837891
49.84336853,-14.49090004,628.65698242
49.84336853,-14.44597816,628.10900879
49.84336853,-14.40105629,627.45947266
49.84336853,-14.36004066,627.60412598
49.84336853,-14.37371254,627.74365234
49.84336853,-14.39129066,627.81292725
49.84336853,-14.39910316,627.89074707
49.84336853,-14.41863441,628.26086426
49.84336853,-14.42840004,628.41705322
49.84336853,-14.44207191,628.49975586
49.84336853,-14.45769691,628.57598877
49.84336853,-14.48504066,628.83013916
49.84336853,-14.49285316,629.17462158
49.84336853,-14.53386879,629.34252930
49.84336853,-14.54168129,629.50317383
49.84336853,-14.54754066,629.58428955
49.84336853,-14.56121254,629.66430664
49.84336853,-14.55535316,629.96905518
49.84336853,-14.56121254,630.32342529
49.84336853,-14.56121254,630.39245605
49.84336853,-14.60808754,630.51580811
49.84336853,-14.60613441,631.02380371
49.84336853,-14.60418129,631.15551758
49.84336853,-14.59050941,631.64398193
49.84336853,-14.58660316,632.15832520
49.84336853,-14.59246254,632.31427002
49.84336853,-14.59441566,632.39306641
49.84336853,-14.59246254,632.54858398
49.84336853,-14.57097816,633.07904053
49.84336853,-14.55340004,633.57812500
49.84336853,-14.55535316,633.83520508
49.84336853,-14.55925941,633.91436768
49.84336853,-14.56902504,633.99798584
49.84336853,-14.53777504,634.78643799
49.84336853,-14.54949379,634.87445068
49.84336853,-14.56121254,634.96026611
49.84336853,-14.57097816,635.04327393
49.84336853,-14.59246254,635.13464355
49.84336853,-14.58465004,635.22351074
49.84336853,-14.60808754,635.86145020
49.84336853,-14.53777504,636.42077637
49.84336853,-14.49871254,636.52001953
49.84336853,-14.40300941,636.72576904
49.84336853,-14.42058754,636.82604980
49.84336853,-14.48308754,637.56469727
49.84336853,-14.49480629,637.80743408
49.84336853,-14.48308754,637.88787842
49.84336853,-14.48308754,638.03955078
49.84336853,-14.47918129,638.11462402
49.84336853,-14.47527504,638.56445313
49.84336853,-14.46160316,638.71856689
49.84336853,-14.47136879,639.03057861
49.84336853,-14.49675941,639.78204346
49.84336853,-14.49480629,640.20428467
49.84336853,-14.48894691,640.34063721
49.84336853,-14.48113441,641.18176270
49.84336853,-14.50652504,641.99047852
49.84336853,-14.49675941,642.13342285
49.84336853,-14.48308754,642.29278564
49.84336853,-14.46160316,642.45239258
49.84336853,-14.45769691,642.61016846
49.84336853,-14.46550941,642.76757813
49.84336853,-14.45965004,643.52996826
49.84336853,-14.44011879,643.70153809
49.84336853,-14.45965004,643.85168457
49.84336853,-14.47332191,644.41955566
49.84336853,-14.46746254,644.89898682
49.84336853,-14.45965004,645.72045898
49.84336853,-14.45379066,645.91320801
49.84336853,-14.45183754,646.12432861
49.84336853,-14.44402504,646.42590332
49.84336853,-14.43035316,646.58673096
49.84336853,-14.42644691,647.08728027
49.84336853,-14.44011879,647.23089600
49.84336853,-14.44988441,647.86254883
49.84336853,-14.45379066,648.03741455
49.84336853,-14.46355629,648.45404053
49.84336853,-14.45965004,648.93548584
49.84336853,-14.48308754,649.25280762
49.84336853,-14.50261879,649.40661621
49.84336853,-14.51043129,649.53619385
49.84336853,-14.52410316,649.57934570
49.84336853,-14.52605629,649.73437500
49.84336853,-14.46550941,650.61370850
49.84336853,-14.46746254,650.91845703
49.84336853,-14.46941566,651.06219482
49.84336853,-14.48699379,651.18743896
49.84336853,-14.48308754,651.63073730
49.84336853,-14.48699379,652.06463623
49.84336853,-14.45379066,652.68164063
49.84336853,-14.44011879,652.82629395
49.84336853,-14.47332191,653.65893555
49.84336853,-14.45379066,653.85583496
49.84336853,-14.46746254,654.36798096
49.84336853,-14.46746254,654.51239014
49.84336853,-14.47332191,654.64898682
49.84336853,-14.47722816,654.82562256
49.84336853,-14.47527504,654.96447754
49.84336853,-14.47527504,655.10955811
49.84336853,-14.47136879,655.61346436
49.84336853,-14.44793129,656.35351563
49.84336853,-14.44597816,656.86999512
49.84336853,-14.47136879,657.63708496
49.84336853,-14.46355629,657.95776367
49.84336853,-14.45574379,658.10943604
49.84336853,-14.46355629,658.60650635
49.84336853,-14.48504066,658.76788330
49.84336853,-14.49285316,659.21386719
49.84336853,-14.49871254,659.38488770
49.84336853,-14.51433754,659.56945801
49.84336853,-14.50066566,660.02899170
49.84336853,-14.44793129,660.68048096
49.84336853,-14.46941566,660.99151611
49.84336853,-14.47136879,661.60919189
49.84336853,-14.46160316,661.75537109
49.84336853,-14.45183754,662.05230713
49.84336853,-14.46550941,662.90093994
49.84336853,-14.46160316,663.15600586
49.84336853,-14.43816566,663.44287109
49.84336853,-14.44793129,663.57080078
49.84336853,-14.44597816,664.21105957
49.84336853,-14.45965004,664.36877441
49.84336853,-14.47527504,664.52966309
49.84336853,-14.48113441,664.67816162
49.84336853,-14.48699379,664.83416748
49.84336853,-14.49285316,664.97857666
49.84336853,-14.48699379,665.12322998
49.84336853,-14.50457191,665.27917480
49.84336853,-14.50261879,665.45483398
49.84336853,-14.42644691,666.24578857
49.84336853,-14.43425941,666.98510742
49.84336853,-14.42449379,667.44085693
49.84336853,-14.45965004,667.56927490
49.84336853,-14.47918129,668.41253662
49.84336853,-14.47136879,668.55010986
49.84336853,-14.47527504,669.03729248
49.84336853,-14.46355629,669.21704102
49.84336853,-14.45769691,669.39416504
49.84336853,-14.44988441,669.90173340
49.84336853,-14.43816566,670.44995117
49.84336853,-14.49285316,671.22436523
49.84336853,-14.49480629,671.94464111
49.84336853,-14.47332191,672.25689697
49.84336853,-14.46550941,672.37988281
49.84336853,-14.45379066,672.62292480
49.84336853,-14.45183754,672.76831055
49.84336853,-14.44793129,672.89105225
49.84336853,-14.41668129,673.03161621
49.84336853,-14.41277504,673.79522705
49.84336853,-14.41082191,673.93017578
49.84336853,-14.39129066,674.16949463
49.84336853,-14.42644691,674.29425049
49.84336853,-14.43035316,674.58709717
49.84336853,-14.39129066,675.26135254
49.84336853,-14.38933754,675.39282227
49.84336853,-14.41863441,676.08740234
49.84336853,-14.47332191,676.67608643
49.84336853,-14.48699379,677.52038574
49.84336853,-14.47918129,677.95666504
49.84336853,-14.48113441,678.64611816
49.84336853,-14.49675941,678.95471191
49.84336853,-14.47918129,679.57897949
49.84336853,-14.47332191,679.89520264
49.84336853,-14.46160316,680.04827881
49.84336853,-14.45574379,680.20947266
49.84336853,-14.44597816,680.35571289
49.84336853,-14.41277504,680.68518066
49.84336853,-14.41082191,680.98577881
49.84336853,-14.40691566,681.14642334
49.84336853,-14.40300941,681.28381348
49.84336853,-14.39910316,681.56341553
49.84336853,-14.39519691,681.69873047
49.84336853,-14.38543129,681.82208252
49.84336853,-14.39129066,681.95989990
49.84336853,-14.39324379,682.08465576
49.84336853,-14.40496254,682.52166748
49.84336853,-14.41668129,682.88824463
49.84336853,-14.40691566,683.45825195
49.84336853,-14.42058754,684.06420898
49.84336853,-14.49675941,684.79510498
49.84336853,-14.51824379,685.08581543
49.84336853,-14.51433754,685.24609375
49.84336853,-14.50847816,685.38873291
49.84336853,-14.52410316,685.68096924
49.84336853,-14.53191566,686.00201416
49.84336853,-14.53191566,686.18438721
49.84336853,-14.52996254,686.35150146
49.84336853,-14.51043129,686.53155518
49.84336853,-14.49675941,686.67694092
49.84336853,-14.48308754,686.83612061
49.84336853,-14.50066566,686.96252441
49.84336853,-14.52215004,687.66143799
49.84336853,-14.49871254,687.97973633
49.84336853,-14.49871254,688.28546143
49.84336853,-14.48113441,688.41918945
49.84336853,-14.48308754,688.66363525
49.84336853,-14.45965004,688.92773438
49.84336853,-14.43816566,689.08569336
49.84336853,-14.43621254,689.23199463
49.84336853,-14.43816566,689.88940430
49.84336853,-14.43621254,690.55468750
49.84336853,-14.45183754,690.81494141
49.84336853,-14.45574379,691.08959961
49.84336853,-14.44988441,691.70880127
49.84336853,-14.50066566,692.00067139
49.84336853,-14.51433754,692.85845947
49.84336853,-14.49675941,693.45349121
49.84336853,-14.47527504,693.75244141
49.84336853,-14.43425941,693.90039063
49.84336853,-14.41472816,694.45275879
49.84336853,-14.41472816,694.60125732
49.84336853,-14.41277504,695.25390625
49.84336853,-14.40105629,695.31427002
49.84336853,-14.44597816,695.71447754
49.84336853,-14.47527504,695.84381104
49.84336853,-14.49090004,696.13763428
49.84336853,-14.49480629,696.28839111
49.84336853,-14.51629066,696.46112061
49.84336853,-14.53582191,696.60766602
49.84336853,-14.53582191,696.76531982
49.84336853,-14.54949379,697.65924072
49.84336853,-14.52215004,698.22833252
49.84336853,-14.49871254,698.37341309
49.84336853,-14.56121254,698.95538330
49.84336853,-14.55535316,699.36401367
49.84336853,-14.56121254,699.51953125
49.84336853,-14.57488441,699.82696533
49.84336853,-14.57097816,699.98956299
49.84336853,-14.54949379,700.16394043
49.84336853,-14.54754066,700.44665527
49.84336853,-14.56511879,700.58740234
49.84336853,-14.56902504,700.73925781
49.84336853,-14.57683754,701.03967285
49.84336853,-14.52019691,701.80377197
49.84336853,-14.51824379,702.11608887
49.84336853,-14.51238441,702.66497803
49.84336853,-14.53777504,702.81060791
49.84336853,-14.53582191,703.37188721
49.84336853,-14.53191566,704.05078125
49.84336853,-14.41668129,715.93457031
49.84336853,-14.39715004,716.10101318
49.84336853,-14.53972816,715.25964355
49.84336853,-14.56316566,715.13128662
49.84336853,-14.60222816,714.67480469
49.84336853,-14.65496254,713.79187012
49.84336853,-14.65691566,713.48663330
49.84336853,-14.68621254,712.78381348
49.84336853,-14.68621254,712.65588379
49.84336853,-14.68621254,712.06579590
49.84336853,-14.69402504,711.47729492
49.84336853,-14.72332191,710.85369873
49.84336853,-14.73308754,710.75335693
49.84336853,-14.74480629,710.43560791
49.84336853,-14.75652504,710.40191650
49.84336853,-14.76824379,710.26672363
49.84336853,-14.77410316,710.15576172
