41.63986969 -14.16668129 627.54815674
41.59432220 -14.16863441 627.54815674
41.36612701 -14.18035316 627.54815674
41.32035065 -14.17840004 627.54815674
41.27504730 -14.19402504 627.54815674
41.00131989 -14.20379066 627.54815674
40.95359039 -14.20769691 627.54815674
40.77288055 -14.20965004 627.54815674
40.63600922 -14.20965004 627.54815674
40.58999634 -14.19988441 627.54815674
40.54420471 -14.19011879 627.54815674
40.49867249 -14.19207191 627.54815674
40.45336151 -14.21160316 627.54815674
40.40612030 -14.23699379 627.54815674
40.67986298 -14.21550941 627.54815674
40.72539520 -14.21355629 627.54815674
40.81867218 -14.20965004 627.54815674
40.86251068 -14.21160316 627.54815674
40.90805817 -14.21355629 627.54815674
41.04491425 -14.20769691 627.54815674
41.09070587 -14.20769691 627.54815674
41.13648987 -14.20769691 627.54815674
41.18202209 -14.21160316 627.54815674
41.22757721 -14.20574379 627.54815674
41.38605499 -14.20965004 627.54815674
41.43183136 -14.21355629 627.54815674
41.50178528 -14.20965004 627.54815674
41.52291107 -14.19988441 627.54815674
42.00418854 -14.20965004 627.54815674
42.04973602 -14.21160316 627.54815674
42.16072845 -14.22527504 627.54815674
42.20627594 -14.22136879 627.54815674
42.33913422 -14.22722816 627.54815674
42.38320923 -14.23894691 627.54815674
42.42876434 -14.24285316 627.54815674
42.47453308 -14.24675941 627.54815674
42.56732941 -14.21550941 627.54815674
42.74997711 -14.21746254 627.54815674
42.75423431 -14.21746254 627.54815674
42.79575348 -14.22136879 627.54815674
42.81664276 -14.23699379 627.54815674
42.93711853 -14.22332191 627.54815674
42.95349884 -14.23504066 627.54815674
42.99734497 -14.24480629 627.54815674
43.04312134 -14.25066566 627.54815674
43.08914948 -14.26043129 627.54815674
43.43381500 -14.24675941 627.54815674
43.47766113 -14.25457191 627.54815674
43.49999237 -14.25261879 627.54815674
43.63710785 -14.25652504 627.54815674
43.68287659 -14.26043129 627.54815674
43.72843170 -14.26433754 627.54815674
43.77421570 -14.26433754 627.54815674
43.81975555 -14.26238441 627.54815674
43.90937805 -14.27215004 627.54815674
43.95516968 -14.27996254 627.54815674
44.00070190 -14.27215004 627.54815674
44.29982758 -14.26238441 627.54815674
44.34560394 -14.27019691 627.54815674
44.41202545 -14.28582191 627.54815674
44.45780945 -14.28777504 627.54815674
44.50312042 -14.27410316 627.54815674
44.63934326 -14.27215004 627.54815674
44.73178101 -14.28191566 627.54815674
44.77757263 -14.28582191 627.54815674
44.86865234 -14.27800941 627.54815674
44.91444397 -14.27800941 627.54815674
45.09709167 -14.27605629 627.54815674
45.14286041 -14.28191566 627.54815674
45.18841553 -14.28582191 627.54815674
45.23419952 -14.28972816 627.54815674
45.27997589 -14.29363441 627.54815674
45.32576752 -14.29754066 627.54815674
45.34552002 -14.30144691 627.54815674
45.36960602 -14.29949379 627.54815674
45.41709137 -14.29363441 627.54815674
45.48409271 -14.27410316 627.54815674
45.71083069 -14.29363441 627.54815674
45.75660706 -14.29754066 627.54815674
45.80215454 -14.29168129 627.54815674
45.84768677 -14.28386879 627.54815674
45.93902588 -14.28191566 627.54815674
45.98455811 -14.27996254 627.54815674
46.07588196 -14.27800941 627.54815674
46.12191010 -14.28777504 627.54815674
46.16768646 -14.30144691 627.54815674
46.21371460 -14.31511879 627.54815674
46.25949097 -14.31902504 627.54815674
46.30503845 -14.31316566 627.54815674
46.35058594 -14.30535316 627.54815674
46.60198975 -14.31121254 627.54815674
46.64776611 -14.31902504 627.54815674
46.67058563 -14.32293129 627.54815674
46.71936035 -14.32683754 627.54815674
46.81092834 -14.33855629 627.54815674
47.17275238 -14.30730629 627.54815674
47.21876526 -14.32488441 627.54815674
47.26455688 -14.33074379 627.54815674
47.31311035 -14.33074379 627.54815674
47.56581116 -14.36590004 627.54815674
47.61158752 -14.36590004 627.54815674
47.63033295 -14.35418129 627.54815674
47.67588043 -14.35418129 627.54815674
47.67864227 -14.33465004 627.54815674
47.97786713 -14.31121254 627.54815674
48.11546326 -14.35027504 627.54815674
48.16123199 -14.35222816 627.54815674
48.20678711 -14.34050941 627.54815674
48.25231934 -14.33855629 627.54815674
48.29811096 -14.33660316 627.54815674
48.61786652 -14.34441566 627.54815674
48.64141083 -14.35027504 627.54815674
48.68695831 -14.34832191 627.54815674
48.75473785 -14.33855629 627.54815674
48.80051422 -14.33465004 627.54815674
48.84606171 -14.33074379 627.54815674
48.98339844 -14.34636879 627.54815674
49.02919006 -14.35613441 627.54815674
49.07473755 -14.34246254 627.54815674
49.16581726 -14.34050941 627.54815674
49.21159363 -14.34246254 627.54815674
49.39473724 -14.36199379 627.54815674
49.44051361 -14.37175941 627.54815674
49.48629761 -14.38152504 627.54815674
49.55611420 -14.41277504 627.54815674
49.58353424 -14.41863441 627.54815674
49.62908936 -14.41472816 627.54815674
49.67655945 -14.40886879 627.54815674
49.72210693 -14.40105629 627.54815674
49.80629730 -14.38933754 627.54815674
49.85231781 -14.40105629 627.54815674
49.92334747 -14.40886879 627.54815674
49.96913910 -14.41277504 627.54815674
50.04234314 -14.42058754 627.54815674
50.08293152 -14.42840004 627.54815674
50.17425537 -14.41472816 627.54815674
50.22499084 -14.42058754 627.54815674
50.27102661 -14.43816566 627.54815674
50.31655884 -14.43621254 627.54815674
50.26509094 -14.39129066 627.54815674
50.21955872 -14.39715004 627.54815674
50.17896271 -14.40105629 627.54815674
50.10575104 -14.38933754 627.54815674
50.01467133 -14.40691566 627.54815674
49.89980316 -14.40105629 627.54815674
49.85848236 -14.36980629 627.54815674
49.81270599 -14.36004066 627.54815674
49.76740265 -14.37957191 627.54815674
49.71495819 -14.38933754 627.54815674
49.66942596 -14.39129066 627.54815674
49.62364197 -14.38738441 627.54815674
49.53207397 -14.37957191 627.54815674
49.49343109 -14.37761879 627.54815674
49.44715881 -14.35808754 627.54815674
49.34870911 -14.34441566 627.54815674
49.30461121 -14.32683754 627.54815674
49.25690460 -14.32683754 627.54815674
49.12003326 -14.33465004 627.54815674
48.93714142 -14.32488441 627.54815674
48.89159393 -14.32097816 627.54815674
48.73093414 -14.32683754 627.54815674
48.68540192 -14.33660316 627.54815674
48.57207489 -14.33074379 627.54815674
48.52606201 -14.32293129 627.54815674
48.48027039 -14.31902504 627.54815674
48.43473816 -14.32293129 627.54815674
48.38919067 -14.32683754 627.54815674
48.34365845 -14.33074379 627.54815674
48.06942749 -14.32879066 627.54815674
48.02341461 -14.31316566 627.54815674
47.95384216 -14.29754066 627.54815674
47.85756683 -14.29949379 627.54815674
47.84051514 -14.29949379 627.54815674
47.79498291 -14.31121254 627.54815674
47.76972198 -14.31902504 627.54815674
47.72418976 -14.32879066 627.54815674
47.58431244 -14.34246254 627.54815674
47.53852844 -14.33074379 627.54815674
47.49227142 -14.30535316 627.54815674
47.44624329 -14.28582191 627.54815674
47.40071106 -14.29363441 627.54815674
47.31008911 -14.32879066 627.54815674
47.12672424 -14.29168129 627.54815674
47.08264923 -14.27996254 627.54815674
47.03685760 -14.27215004 627.54815674
46.99132538 -14.27019691 627.54815674
46.94577026 -14.27800941 627.54815674
46.89828491 -14.28777504 627.54815674
46.87596130 -14.30730629 627.54815674
46.80720520 -14.30925941 627.54815674
46.78487396 -14.31511879 627.54815674
46.71612549 -14.31511879 627.54815674
46.53421021 -14.25457191 627.54815674
46.48841858 -14.25066566 627.54815674
46.46585083 -14.26043129 627.54815674
46.42053986 -14.27605629 627.54815674
46.05477142 -14.25457191 627.54815674
45.89323425 -14.27800941 627.54815674
45.66674042 -14.27410316 627.54815674
45.62072754 -14.25261879 627.54815674
45.57493591 -14.24285316 627.54815674
45.52938843 -14.25066566 627.54815674
45.46128082 -14.26824379 627.54815674
45.41573334 -14.27996254 627.54815674
45.29975128 -14.28582191 627.54815674
45.25371552 -14.27800941 627.54815674
45.20818329 -14.27996254 627.54815674
45.05130005 -14.27019691 627.54815674
45.00552368 -14.26629066 627.54815674
44.95997620 -14.27019691 627.54815674
44.82310486 -14.27800941 627.54815674
44.71067047 -14.24675941 627.54815674
44.61910248 -14.23894691 627.54815674
44.54947662 -14.24675941 627.54815674
44.55059052 -14.25652504 627.54815674
44.39138794 -14.27019691 627.54815674
44.23035431 -14.23699379 627.54815674
44.18457794 -14.23113441 627.54815674
44.14072418 -14.21746254 627.54815674
44.09494019 -14.21746254 627.54815674
44.04794312 -14.24675941 627.54815674
43.86553955 -14.26238441 627.54815674
43.59107208 -14.24480629 627.54815674
43.54553986 -14.24285316 627.54815674
43.38779449 -14.23308754 627.54815674
43.34201050 -14.22527504 627.54815674
43.29623413 -14.22527504 627.54815674
43.25068665 -14.22918129 627.54815674
43.20513916 -14.23504066 627.54815674
43.15959930 -14.24090004 627.54815674
42.95872498 -14.20965004 627.54815674
42.89133453 -14.21746254 627.54815674
42.86217499 -14.22722816 627.54815674
42.66035461 -14.19597816 627.54815674
42.61262512 -14.20183754 627.54815674
42.54764557 -14.21160316 627.54815674
42.29334259 -14.21746254 627.54815674
42.24757385 -14.21746254 627.54815674
42.20178223 -14.21355629 627.54815674
41.95841217 -14.20379066 627.54815674
41.91262817 -14.19793129 627.54815674
41.86685181 -14.19402504 627.54815674
41.82299805 -14.18621254 627.54815674
41.75279999 -14.17840004 627.54815674
41.73143768 -14.17254066 627.54815674
41.68564606 -14.17058754 627.54815674
