41.77848053 -14.21160316 649.53692627
41.73292542 -14.22332191 649.53692627
41.50595093 -14.23308754 649.53692627
41.28092194 -14.22918129 649.53692627
41.26116180 -14.22918129 649.53692627
41.23489380 -14.22722816 649.53692627
41.21538544 -14.22527504 649.53692627
41.17153931 -14.22918129 649.53692627
41.07851410 -14.24871254 649.53692627
41.05224609 -14.25066566 649.53692627
41.00645447 -14.25652504 649.53692627
40.85202026 -14.28191566 649.53692627
40.80600739 -14.27800941 649.53692627
40.44263458 -14.32683754 649.53692627
40.48648834 -14.33465004 649.53692627
40.53225708 -14.33660316 649.53692627
40.57804871 -14.32488441 649.53692627
40.62358093 -14.31316566 649.53692627
40.66937256 -14.30925941 649.53692627
40.71490479 -14.30144691 649.53692627
40.76045227 -14.28777504 649.53692627
40.86984253 -14.28777504 649.53692627
40.89587402 -14.28386879 649.53692627
40.91537476 -14.28386879 649.53692627
40.94164276 -14.28386879 649.53692627
40.96116638 -14.27410316 649.53692627
40.98719025 -14.27410316 649.53692627
41.03273010 -14.25652504 649.53692627
41.09825897 -14.26238441 649.53692627
41.14211273 -14.26238441 649.53692627
41.18959808 -14.24285316 649.53692627
41.30695343 -14.23308754 649.53692627
41.32476044 -14.23308754 649.53692627
41.37055206 -14.23308754 649.53692627
41.41632080 -14.23308754 649.53692627
41.46017456 -14.23308754 649.53692627
41.55174255 -14.23699379 649.53692627
41.59583282 -14.23894691 649.53692627
41.64160156 -14.24090004 649.53692627
41.68739319 -14.23894691 649.53692627
42.00230408 -14.26043129 649.53692627
42.04831696 -14.26433754 649.53692627
42.09386444 -14.25261879 649.53692627
42.31912994 -14.26238441 649.53692627
42.36492157 -14.26629066 649.53692627
42.45478821 -14.27215004 649.53692627
42.47381592 -14.27605629 649.53692627
42.50057983 -14.27800941 649.53692627
42.54441833 -14.27800941 649.53692627
42.56320190 -14.26824379 649.53692627
42.60897064 -14.26824379 649.53692627
42.65476227 -14.26629066 649.53692627
42.70053864 -14.26629066 649.53692627
42.74439240 -14.26433754 649.53692627
42.81718445 -14.26824379 649.53692627
42.86271667 -14.26629066 649.53692627
42.92581940 -14.26824379 649.53692627
42.95258331 -14.27019691 649.53692627
42.97161102 -14.27019691 649.53692627
43.01738739 -14.26629066 649.53692627
43.06123352 -14.26629066 649.53692627
43.10700989 -14.26629066 649.53692627
43.55781555 -14.30340004 649.53692627
43.68467712 -14.32293129 649.53692627
43.70127106 -14.34636879 649.53692627
43.74728394 -14.35808754 649.53692627
43.82813263 -14.38347816 649.53692627
43.87223053 -14.39910316 649.53692627
43.91799927 -14.39715004 649.53692627
44.00764465 -14.40496254 649.53692627
44.05342102 -14.39324379 649.53692627
44.06999969 -14.37957191 649.53692627
44.10066223 -14.37175941 649.53692627
44.11554718 -14.36394691 649.53692627
44.20687103 -14.34636879 649.53692627
44.25096130 -14.36199379 649.53692627
44.27991486 -14.37175941 649.53692627
44.29697418 -14.37761879 649.53692627
44.32617188 -14.39715004 649.53692627
44.34082794 -14.38152504 649.53692627
44.37171936 -14.38152504 649.53692627
44.41726685 -14.36590004 649.53692627
44.56192780 -14.36590004 649.53692627
44.69734192 -14.36785316 649.53692627
44.79476929 -14.36980629 649.53692627
44.93042755 -14.37957191 649.53692627
44.97621918 -14.38152504 649.53692627
45.11185455 -14.39129066 649.53692627
45.15570831 -14.39519691 649.53692627
45.24726868 -14.39324379 649.53692627
45.29112244 -14.39715004 649.53692627
45.33689880 -14.39519691 649.53692627
45.38269043 -14.39324379 649.53692627
45.53616333 -14.39910316 649.53692627
45.58169556 -14.38933754 649.53692627
45.62724304 -14.37761879 649.53692627
45.71904755 -14.38738441 649.53692627
45.76314545 -14.39519691 649.53692627
45.89902496 -14.41668129 649.53692627
45.94480896 -14.42254066 649.53692627
45.98864746 -14.42058754 649.53692627
46.16985321 -14.42449379 649.53692627
46.21586609 -14.43425941 649.53692627
46.26165771 -14.43425941 649.53692627
46.30743408 -14.42644691 649.53692627
46.35104370 -14.41863441 649.53692627
46.57802582 -14.42058754 649.53692627
46.62403870 -14.43230629 649.53692627
46.66983032 -14.42840004 649.53692627
46.84980011 -14.46941566 649.53692627
46.89582825 -14.47918129 649.53692627
46.93991089 -14.48504066 649.53692627
46.96328735 -14.49285316 649.53692627
47.00930786 -14.50652504 649.53692627
47.09090424 -14.50261879 649.53692627
47.19049835 -14.50457191 649.53692627
47.23604584 -14.49675941 649.53692627
47.27965546 -14.48504066 649.53692627
47.32543182 -14.47332191 649.53692627
47.34783936 -14.47136879 649.53692627
47.39362335 -14.46941566 649.53692627
47.46253967 -14.46355629 649.53692627
47.55240631 -14.47332191 649.53692627
47.59818268 -14.47918129 649.53692627
47.64421082 -14.48504066 649.53692627
47.68806458 -14.48308754 649.53692627
47.73359680 -14.47918129 649.53692627
47.77938843 -14.47332191 649.53692627
47.86901093 -14.47332191 649.53692627
47.91478729 -14.47136879 649.53692627
47.96057892 -14.46746254 649.53692627
48.02726746 -14.45769691 649.53692627
48.23332977 -14.46941566 649.53692627
48.27742004 -14.48699379 649.53692627
48.32319641 -14.47527504 649.53692627
48.50392151 -14.45183754 649.53692627
48.53768921 -14.45965004 649.53692627
48.58371735 -14.46550941 649.53692627
48.62949371 -14.47136879 649.53692627
48.67552185 -14.47722816 649.53692627
48.73136902 -14.47332191 649.53692627
48.77715302 -14.48113441 649.53692627
48.82125092 -14.49480629 649.53692627
48.86726379 -14.50261879 649.53692627
48.95713043 -14.50652504 649.53692627
48.99237061 -14.48699379 649.53692627
49.30921173 -14.50261879 649.53692627
49.35546875 -14.52410316 649.53692627
49.39932251 -14.52800941 649.53692627
49.44485474 -14.51629066 649.53692627
49.71834564 -14.54754066 649.53692627
49.76242065 -14.55535316 649.53692627
49.80796814 -14.53972816 649.53692627
49.90934753 -14.52605629 649.53692627
49.98562622 -14.51824379 649.53692627
50.30126953 -14.46550941 649.53692627
50.25743103 -14.46941566 649.53692627
50.21188354 -14.47722816 649.53692627
50.16610718 -14.48113441 649.53692627
50.12055969 -14.48504066 649.53692627
50.07476807 -14.49675941 649.53692627
50.04621887 -14.49871254 649.53692627
49.99037933 -14.50457191 649.53692627
49.93961334 -14.50652504 649.53692627
49.93196106 -14.50847816 649.53692627
49.88618469 -14.51043129 649.53692627
49.85326385 -14.52410316 649.53692627
49.67207336 -14.52605629 649.53692627
49.62629700 -14.51824379 649.53692627
49.58220673 -14.51238441 649.53692627
49.53643036 -14.50457191 649.53692627
49.49064636 -14.50652504 649.53692627
49.26318359 -14.48113441 649.53692627
49.21910858 -14.47722816 649.53692627
49.17331696 -14.48113441 649.53692627
49.12778473 -14.48699379 649.53692627
49.08199310 -14.48894691 649.53692627
49.03813934 -14.48699379 649.53692627
48.94633484 -14.47722816 649.53692627
48.90032196 -14.46550941 649.53692627
48.85646820 -14.46355629 649.53692627
48.81069946 -14.46355629 649.53692627
48.76490784 -14.46355629 649.53692627
48.68534851 -14.46746254 649.53692627
48.63956451 -14.46160316 649.53692627
48.59548187 -14.45574379 649.53692627
48.54969788 -14.45183754 649.53692627
48.49360657 -14.44793129 649.53692627
48.46006775 -14.44597816 649.53692627
48.44757843 -14.43621254 649.53692627
48.40180206 -14.43621254 649.53692627
48.36850739 -14.44988441 649.53692627
48.18731689 -14.45769691 649.53692627
48.14152527 -14.45183754 649.53692627
48.09551239 -14.44597816 649.53692627
48.07255554 -14.44011879 649.53692627
48.04338837 -14.42254066 649.53692627
47.99759674 -14.43230629 649.53692627
47.82516479 -14.46941566 649.53692627
47.50637817 -14.46746254 649.53692627
47.48494720 -14.45769691 649.53692627
47.43916321 -14.45965004 649.53692627
47.41675568 -14.46160316 649.53692627
47.37097931 -14.46355629 649.53692627
47.30400085 -14.46746254 649.53692627
47.25820923 -14.46746254 649.53692627
47.21241760 -14.47332191 649.53692627
47.16664886 -14.47722816 649.53692627
47.13645172 -14.49675941 649.53692627
47.04488373 -14.49871254 649.53692627
46.98569489 -14.48699379 649.53692627
46.80377197 -14.45183754 649.53692627
46.75945282 -14.42644691 649.53692627
46.71366119 -14.42254066 649.53692627
46.53392792 -14.40691566 649.53692627
46.48815918 -14.39910316 649.53692627
46.44236755 -14.39715004 649.53692627
46.39657593 -14.40496254 649.53692627
46.12599945 -14.41668129 649.53692627
46.08023071 -14.41472816 649.53692627
46.03443909 -14.41472816 649.53692627
45.85494995 -14.40496254 649.53692627
45.80891418 -14.40105629 649.53692627
45.79085541 -14.39129066 649.53692627
45.74506378 -14.38738441 649.53692627
45.69905090 -14.38152504 649.53692627
45.67327881 -14.37957191 649.53692627
45.65519714 -14.37566566 649.53692627
45.60916901 -14.36394691 649.53692627
45.56509399 -14.34832191 649.53692627
45.51906586 -14.34441566 649.53692627
45.47352600 -14.35613441 649.53692627
45.42822266 -14.37957191 649.53692627
45.20148468 -14.38933754 649.53692627
45.06559753 -14.37371254 649.53692627
45.01981354 -14.37175941 649.53692627
44.88441467 -14.36590004 649.53692627
44.84031677 -14.36394691 649.53692627
44.74875641 -14.36394691 649.53692627
44.65888977 -14.35027504 649.53692627
44.61309814 -14.34636879 649.53692627
44.52299500 -14.32293129 649.53692627
44.47939301 -14.33074379 649.53692627
44.43190765 -14.34636879 649.53692627
44.38636017 -14.36590004 649.53692627
44.23728180 -14.32683754 649.53692627
44.19126129 -14.31511879 649.53692627
44.14595795 -14.34246254 649.53692627
44.02397919 -14.37175941 649.53692627
43.97988892 -14.35222816 649.53692627
43.93581390 -14.34246254 649.53692627
43.88977814 -14.33465004 649.53692627
43.84424591 -14.33855629 649.53692627
43.79113770 -14.35808754 649.53692627
43.73022461 -14.31316566 649.53692627
43.64937592 -14.30925941 649.53692627
43.60336304 -14.29949379 649.53692627
43.51372528 -14.29754066 649.53692627
43.46794891 -14.29168129 649.53692627
43.42215729 -14.28972816 649.53692627
43.37808228 -14.28777504 649.53692627
43.33229065 -14.27996254 649.53692627
43.28821564 -14.26824379 649.53692627
43.24218750 -14.26043129 649.53692627
43.19834900 -14.25261879 649.53692627
43.15255737 -14.25847816 649.53692627
42.90850830 -14.26433754 649.53692627
42.88174438 -14.25457191 649.53692627
42.83571625 -14.25261879 649.53692627
42.77309418 -14.25847816 649.53692627
42.72707367 -14.25066566 649.53692627
42.68128967 -14.25066566 649.53692627
42.63743591 -14.25261879 649.53692627
42.59190369 -14.26433754 649.53692627
42.51959229 -14.27019691 649.53692627
42.41071320 -14.26824379 649.53692627
42.27505493 -14.25066566 649.53692627
42.23096466 -14.23308754 649.53692627
42.18495178 -14.22722816 649.53692627
42.13939667 -14.23699379 649.53692627
41.95821381 -14.24285316 649.53692627
41.91413116 -14.23308754 649.53692627
41.86834717 -14.22918129 649.53692627
41.82424927 -14.22136879 649.53692627
