42.63981628 -14.29754066 671.63671875
42.59402466 -14.30340004 671.63671875
42.47368622 -14.33074379 671.63671875
42.41236115 -14.31121254 671.63671875
42.27645874 -14.30925941 671.63671875
42.23044586 -14.30730629 671.63671875
42.18635559 -14.30925941 671.63671875
41.60746002 -14.38347816 671.63671875
41.56492615 -14.37371254 671.63671875
41.52084351 -14.36394691 671.63671875
41.47481537 -14.35808754 671.63671875
41.43074036 -14.35613441 671.63671875
41.38471222 -14.35222816 671.63671875
41.33867645 -14.35222816 671.63671875
41.29460144 -14.34832191 671.63671875
41.24880981 -14.35027504 671.63671875
41.20304108 -14.36590004 671.63671875
41.15724945 -14.37761879 671.63671875
41.11147308 -14.38152504 671.63671875
40.60736847 -14.45574379 671.63671875
40.47246552 -14.40886879 671.63671875
40.42836761 -14.39715004 671.63671875
40.51678467 -14.42644691 671.63671875
40.56304932 -14.44207191 671.63671875
40.65145874 -14.46941566 671.63671875
40.69749451 -14.47722816 671.63671875
40.74350739 -14.46941566 671.63671875
40.78929901 -14.46160316 671.63671875
40.83506775 -14.45379066 671.63671875
40.88085938 -14.44793129 671.63671875
40.92493439 -14.44597816 671.63671875
40.97072601 -14.43816566 671.63671875
41.01821136 -14.41668129 671.63671875
41.06568146 -14.39324379 671.63671875
41.51710510 -14.36785316 671.63671875
41.56142426 -14.37957191 671.63671875
41.63671875 -14.40496254 671.63671875
41.68250275 -14.39324379 671.63671875
41.74481201 -14.36590004 671.63671875
41.79082489 -14.36394691 671.63671875
41.83467865 -14.36004066 671.63671875
41.92671967 -14.36590004 671.63671875
41.97079468 -14.36980629 671.63671875
42.01658630 -14.36394691 671.63671875
42.06407166 -14.34050941 671.63671875
42.10984802 -14.32293129 671.63671875
42.13862610 -14.32097816 671.63671875
42.33585358 -14.32879066 671.63671875
42.38188171 -14.33465004 671.63671875
42.46215057 -14.34050941 671.63671875
42.51776123 -14.33660316 671.63671875
42.56379700 -14.34050941 671.63671875
42.64575958 -14.32488441 671.63671875
42.68960571 -14.31707191 671.63671875
42.72992706 -14.31121254 671.63671875
42.73562622 -14.31121254 671.63671875
42.91753387 -14.32097816 671.63671875
42.96356201 -14.32683754 671.63671875
43.00764465 -14.33074379 671.63671875
43.05342865 -14.32488441 671.63671875
43.09946442 -14.32488441 671.63671875
43.14523315 -14.32293129 671.63671875
43.19126892 -14.31707191 671.63671875
43.37123871 -14.32879066 671.63671875
43.41725159 -14.33269691 671.63671875
43.46134949 -14.33855629 671.63671875
43.50737762 -14.33660316 671.63671875
43.55315399 -14.32683754 671.63671875
43.61455536 -14.33074379 671.63671875
43.69074249 -14.32097816 671.63671875
43.75021362 -14.32683754 671.63671875
43.79647064 -14.33660316 671.63671875
43.82517242 -14.33855629 671.63671875
43.87120056 -14.34246254 671.63671875
43.93260956 -14.35418129 671.63671875
43.96131134 -14.35808754 671.63671875
43.97669983 -14.36394691 671.63671875
44.02271271 -14.36394691 671.63671875
44.06874084 -14.36590004 671.63671875
44.11451721 -14.36004066 671.63671875
44.16030884 -14.35027504 671.63671875
44.20438385 -14.34832191 671.63671875
44.25041199 -14.35222816 671.63671875
44.30071259 -14.35418129 671.63671875
44.36065674 -14.35808754 671.63671875
44.45270538 -14.36394691 671.63671875
44.49679565 -14.36785316 671.63671875
44.56822205 -14.36199379 671.63671875
44.63245392 -14.36590004 671.63671875
44.67871094 -14.37371254 671.63671875
44.72473907 -14.37566566 671.63671875
44.75037384 -14.37957191 671.63671875
44.81007385 -14.39129066 671.63671875
44.85585785 -14.38933754 671.63671875
44.86061859 -14.37566566 671.63671875
44.90641022 -14.37175941 671.63671875
45.01020050 -14.38933754 671.63671875
45.04254913 -14.38738441 671.63671875
45.08662415 -14.39129066 671.63671875
45.10224152 -14.38933754 671.63671875
45.13265228 -14.39519691 671.63671875
45.17867279 -14.40300941 671.63671875
45.22299957 -14.41082191 671.63671875
45.35792542 -14.46355629 671.63671875
45.40418243 -14.49090004 671.63671875
45.46266174 -14.53582191 671.63671875
45.50675201 -14.54363441 671.63671875
45.58010101 -14.54168129 671.63671875
45.62589264 -14.52410316 671.63671875
45.63761902 -14.51824379 671.63671875
45.68340302 -14.50457191 671.63671875
45.68988037 -14.50066566 671.63671875
45.73565674 -14.49090004 671.63671875
45.78144073 -14.48504066 671.63671875
45.93124390 -14.47527504 671.63671875
45.96311188 -14.47527504 671.63671875
45.97534180 -14.47527504 671.63671875
46.00914764 -14.47722816 671.63671875
46.06738281 -14.48504066 671.63671875
46.11315918 -14.47136879 671.63671875
46.23806000 -14.42840004 671.63671875
46.25026703 -14.43035316 671.63671875
46.29434967 -14.44597816 671.63671875
46.34061432 -14.44988441 671.63671875
46.38640594 -14.44597816 671.63671875
46.43193817 -14.42840004 671.63671875
46.51007843 -14.43230629 671.63671875
46.55585480 -14.43230629 671.63671875
46.61408997 -14.44207191 671.63671875
46.65842438 -14.45574379 671.63671875
46.70444489 -14.46160316 671.63671875
46.75047302 -14.46941566 671.63671875
46.79456329 -14.47332191 671.63671875
46.84057617 -14.47332191 671.63671875
46.88636780 -14.46550941 671.63671875
47.07105255 -14.47332191 671.63671875
47.11538696 -14.48504066 671.63671875
47.16116333 -14.48308754 671.63671875
47.20719147 -14.48113441 671.63671875
47.25320435 -14.48113441 671.63671875
47.29705811 -14.48113441 671.63671875
47.38656616 -14.49285316 671.63671875
47.38934326 -14.50066566 671.63671875
47.43343353 -14.50652504 671.63671875
47.43306732 -14.52019691 671.63671875
47.47692108 -14.51824379 671.63671875
47.47944641 -14.50066566 671.63671875
47.52246857 -14.49675941 671.63671875
47.61534882 -14.50066566 671.63671875
47.66111755 -14.50066566 671.63671875
47.70667267 -14.47918129 671.63671875
47.84450531 -14.46746254 671.63671875
47.89028168 -14.46746254 671.63671875
48.11676025 -14.50066566 671.63671875
48.16303253 -14.51824379 671.63671875
48.19898987 -14.52019691 671.63671875
48.20735168 -14.52410316 671.63671875
48.24501801 -14.52800941 671.63671875
48.29915619 -14.52800941 671.63671875
48.33512878 -14.52996254 671.63671875
48.34518433 -14.52996254 671.63671875
48.38115692 -14.53582191 671.63671875
48.42693329 -14.52605629 671.63671875
48.47248077 -14.50847816 671.63671875
48.51825714 -14.49480629 671.63671875
48.56380463 -14.46941566 671.63671875
48.60910034 -14.43816566 671.63671875
48.65488434 -14.42449379 671.63671875
48.70066071 -14.41863441 671.63671875
48.74645233 -14.40691566 671.63671875
48.88282776 -14.43230629 671.63671875
49.10977936 -14.49090004 671.63671875
49.15580750 -14.49871254 671.63671875
49.24761200 -14.49675941 671.63671875
49.29194641 -14.50652504 671.63671875
49.33796692 -14.52019691 671.63671875
49.38423157 -14.52800941 671.63671875
49.42807007 -14.52410316 671.63671875
49.47386169 -14.51824379 671.63671875
49.51964569 -14.50457191 671.63671875
49.56542206 -14.49480629 671.63671875
49.63943481 -14.49675941 671.63671875
49.68521881 -14.49480629 671.63671875
49.73123932 -14.49480629 671.63671875
49.77532959 -14.50261879 671.63671875
49.82158661 -14.51433754 671.63671875
49.86785126 -14.52800941 671.63671875
49.91388702 -14.53972816 671.63671875
49.95796204 -14.54558754 671.63671875
50.00375366 -14.53777504 671.63671875
50.27794647 -14.55535316 671.63671875
50.32398224 -14.56316566 671.63671875
50.23167419 -14.53582191 671.63671875
50.18542480 -14.51824379 671.63671875
50.14109039 -14.50652504 671.63671875
50.09507751 -14.50066566 671.63671875
50.04952240 -14.51629066 671.63671875
49.79312134 -14.49090004 671.63671875
49.74685669 -14.47136879 671.63671875
49.70301819 -14.47332191 671.63671875
49.65699005 -14.47918129 671.63671875
49.61121368 -14.48699379 671.63671875
49.54884338 -14.47136879 671.63671875
49.20159912 -14.49675941 671.63671875
49.06522369 -14.46160316 671.63671875
49.01895142 -14.44011879 671.63671875
48.97293854 -14.43621254 671.63671875
48.92884064 -14.43425941 671.63671875
48.83655548 -14.41668129 671.63671875
48.79224396 -14.40105629 671.63671875
48.70877838 -14.40691566 671.63671875
48.66446686 -14.40105629 671.63671875
48.61891174 -14.41472816 671.63671875
48.57337952 -14.43425941 671.63671875
48.52759552 -14.44793129 671.63671875
48.48205566 -14.47136879 671.63671875
48.43650818 -14.49675941 671.63671875
48.39096069 -14.51629066 671.63671875
48.29103851 -14.52605629 671.63671875
48.25314331 -14.52410316 671.63671875
48.07244873 -14.47722816 671.63671875
48.02641296 -14.46746254 671.63671875
47.98014832 -14.45965004 671.63671875
47.93437195 -14.45769691 671.63671875
47.79823303 -14.45379066 671.63671875
47.75245667 -14.45574379 671.63671875
47.57101440 -14.48894691 671.63671875
47.52523804 -14.49090004 671.63671875
47.34308624 -14.48504066 671.63671875
47.34199524 -14.46160316 671.63671875
47.29598236 -14.45769691 671.63671875
47.20417786 -14.46941566 671.63671875
47.16008759 -14.46746254 671.63671875
47.11406708 -14.45965004 671.63671875
47.06779480 -14.44597816 671.63671875
47.02394867 -14.44207191 671.63671875
46.97792816 -14.44597816 671.63671875
46.93214417 -14.45574379 671.63671875
46.56784058 -14.42254066 671.63671875
46.52374268 -14.41277504 671.63671875
46.47772980 -14.41277504 671.63671875
46.41973114 -14.41082191 671.63671875
46.37539673 -14.39910316 671.63671875
46.32938385 -14.39324379 671.63671875
46.28359222 -14.40886879 671.63671875
46.20400238 -14.42058754 671.63671875
46.19226837 -14.43816566 671.63671875
46.15846252 -14.44207191 671.63671875
46.14648438 -14.44793129 671.63671875
46.10095215 -14.46355629 671.63671875
46.05491638 -14.47136879 671.63671875
46.02135468 -14.47722816 671.63671875
45.91903687 -14.46550941 671.63671875
45.87300873 -14.46550941 671.63671875
45.82723236 -14.47527504 671.63671875
45.41784668 -14.49480629 671.63671875
45.37328339 -14.45965004 671.63671875
45.32701874 -14.44207191 671.63671875
45.31334686 -14.43621254 671.63671875
45.28269958 -14.42449379 671.63671875
45.26902008 -14.42058754 671.63671875
45.23642731 -14.40886879 671.63671875
45.19235229 -14.39519691 671.63671875
45.14631653 -14.38933754 671.63671875
45.03752899 -14.37957191 671.63671875
44.97783661 -14.35808754 671.63671875
44.95243835 -14.36980629 671.63671875
44.52219391 -14.35027504 671.63671875
44.43637085 -14.34246254 671.63671875
44.38800812 -14.34050941 671.63671875
43.91722870 -14.34636879 671.63671875
43.88633728 -14.33855629 671.63671875
43.84249878 -14.33660316 671.63671875
43.78085327 -14.32683754 671.63671875
43.73482513 -14.31902504 671.63671875
43.70612335 -14.31707191 671.63671875
43.64495850 -14.31902504 671.63671875
43.59893799 -14.31902504 671.63671875
43.32714844 -14.32097816 671.63671875
43.28113556 -14.31316566 671.63671875
43.23509979 -14.31316566 671.63671875
42.87152100 -14.31707191 671.63671875
42.82743073 -14.31316566 671.63671875
42.78141022 -14.31121254 671.63671875
42.68582916 -14.30340004 671.63671875
