44.06765747 -14.31316566 693.85253906
44.02186584 -14.33074379 693.85253906
43.93223572 -14.36980629 693.85253906
43.88620758 -14.37566566 693.85253906
43.79973602 -14.36590004 693.85253906
43.75541687 -14.36004066 693.85253906
43.71132660 -14.35808754 693.85253906
43.66531372 -14.36590004 693.85253906
43.26237488 -14.39519691 693.85253906
43.21804047 -14.39519691 693.85253906
43.17649841 -14.39715004 693.85253906
43.13240051 -14.39715004 693.85253906
43.08832550 -14.40300941 693.85253906
43.00016022 -14.40886879 693.85253906
42.95582581 -14.40496254 693.85253906
42.90981293 -14.40691566 693.85253906
42.86318207 -14.40300941 693.85253906
42.81909180 -14.39910316 693.85253906
42.77501678 -14.39910316 693.85253906
42.73068237 -14.39715004 693.85253906
42.68660736 -14.39324379 693.85253906
42.64251709 -14.39910316 693.85253906
42.59672546 -14.41082191 693.85253906
42.10791016 -14.44988441 693.85253906
42.06359100 -14.43621254 693.85253906
42.02119446 -14.42449379 693.85253906
41.97687531 -14.41472816 693.85253906
41.93243408 -14.41668129 693.85253906
41.88835907 -14.41668129 693.85253906
41.84232330 -14.42254066 693.85253906
41.75415802 -14.42254066 693.85253906
41.71006775 -14.42644691 693.85253906
41.66598511 -14.43621254 693.85253906
41.62020111 -14.44793129 693.85253906
41.44191742 -14.46941566 693.85253906
41.39784241 -14.46941566 693.85253906
41.35181427 -14.47527504 693.85253906
41.30796051 -14.48504066 693.85253906
41.26194763 -14.49480629 693.85253906
41.08014679 -14.53972816 693.85253906
41.03607178 -14.54168129 693.85253906
40.99198151 -14.54363441 693.85253906
40.94789886 -14.54754066 693.85253906
40.90211487 -14.56121254 693.85253906
40.58647919 -14.62957191 693.85253906
40.54216766 -14.62175941 693.85253906
40.49806976 -14.62175941 693.85253906
40.45399475 -14.62175941 693.85253906
40.40796661 -14.63738441 693.85253906
40.63081360 -14.64324379 693.85253906
40.65387726 -14.63738441 693.85253906
40.72068024 -14.62566566 693.85253906
40.76647186 -14.60027504 693.85253906
40.81224823 -14.58269691 693.85253906
40.85609436 -14.57488441 693.85253906
40.90222168 -14.56511879 693.85253906
40.99234772 -14.56316566 693.85253906
41.03642273 -14.56316566 693.85253906
41.08052063 -14.55925941 693.85253906
41.12628937 -14.54363441 693.85253906
41.17027283 -14.52410316 693.85253906
41.17208099 -14.52019691 693.85253906
41.21628571 -14.51824379 693.85253906
41.23936462 -14.50847816 693.85253906
41.30615234 -14.49480629 693.85253906
41.48625183 -14.46941566 693.85253906
41.53033447 -14.46746254 693.85253906
41.57418060 -14.46160316 693.85253906
41.79823303 -14.42449379 693.85253906
41.97676849 -14.42254066 693.85253906
42.01914215 -14.43230629 693.85253906
42.06347656 -14.44402504 693.85253906
42.10779572 -14.45574379 693.85253906
42.15030670 -14.46746254 693.85253906
42.19426727 -14.47527504 693.85253906
42.19464111 -14.48699379 693.85253906
42.23895264 -14.48894691 693.85253906
42.28280640 -14.47918129 693.85253906
42.28437805 -14.46941566 693.85253906
42.32881927 -14.46355629 693.85253906
42.41699219 -14.46355629 693.85253906
42.46302032 -14.45379066 693.85253906
42.50685883 -14.43425941 693.85253906
42.55265045 -14.42058754 693.85253906
42.90750122 -14.41472816 693.85253906
42.95183563 -14.42254066 693.85253906
42.99591064 -14.42449379 693.85253906
43.04000854 -14.42254066 693.85253906
43.08408356 -14.41863441 693.85253906
43.13011169 -14.41082191 693.85253906
43.22081757 -14.40496254 693.85253906
43.26490784 -14.41082191 693.85253906
43.30898285 -14.40886879 693.85253906
43.35331726 -14.40886879 693.85253906
43.39739227 -14.40496254 693.85253906
43.44342041 -14.40300941 693.85253906
43.48751831 -14.40300941 693.85253906
43.53159332 -14.40300941 693.85253906
43.57568359 -14.39910316 693.85253906
43.62145996 -14.38347816 693.85253906
43.84407043 -14.37175941 693.85253906
43.85435486 -14.38347816 693.85253906
43.89844513 -14.37761879 693.85253906
43.94422150 -14.37175941 693.85253906
43.97608948 -14.35613441 693.85253906
43.98831177 -14.35418129 693.85253906
44.07793427 -14.32683754 693.85253906
44.12203217 -14.32488441 693.85253906
44.16634369 -14.32879066 693.85253906
44.31404877 -14.34832191 693.85253906
44.38749695 -14.36394691 693.85253906
44.43157959 -14.36394691 693.85253906
44.47591400 -14.36980629 693.85253906
44.52022552 -14.37957191 693.85253906
44.56262207 -14.38933754 693.85253906
44.60671234 -14.39129066 693.85253906
44.82930756 -14.39519691 693.85253906
44.87170410 -14.40691566 693.85253906
44.93117523 -14.42254066 693.85253906
44.97354889 -14.43425941 693.85253906
45.00467682 -14.43621254 693.85253906
45.01764679 -14.43816566 693.85253906
45.04876709 -14.44402504 693.85253906
45.09308624 -14.44402504 693.85253906
45.34386444 -14.42058754 693.85253906
45.46115112 -14.44402504 693.85253906
45.51898956 -14.46355629 693.85253906
45.54956055 -14.45769691 693.85253906
45.59365082 -14.44988441 693.85253906
45.79118347 -14.44988441 693.85253906
45.83551025 -14.45965004 693.85253906
45.96679688 -14.51629066 693.85253906
45.99017334 -14.52800941 693.85253906
46.00942230 -14.54754066 693.85253906
46.05205536 -14.57097816 693.85253906
46.09637451 -14.58074379 693.85253906
46.14240265 -14.57293129 693.85253906
46.18624115 -14.56707191 693.85253906
46.23033142 -14.55340004 693.85253906
46.27586365 -14.52215004 693.85253906
46.32165527 -14.50066566 693.85253906
46.58810425 -14.47527504 693.85253906
46.78153229 -14.50066566 693.85253906
46.82754517 -14.49675941 693.85253906
46.87163544 -14.49285316 693.85253906
46.91547394 -14.48699379 693.85253906
46.95956421 -14.48308754 693.85253906
47.00365448 -14.47918129 693.85253906
47.04797363 -14.48308754 693.85253906
47.09400177 -14.48113441 693.85253906
47.31368256 -14.54558754 693.85253906
47.35826111 -14.56707191 693.85253906
47.40233612 -14.56707191 693.85253906
47.44642639 -14.56121254 693.85253906
47.49026489 -14.54558754 693.85253906
47.53605652 -14.52019691 693.85253906
47.77573395 -14.49871254 693.85253906
47.81983185 -14.49480629 693.85253906
47.89260864 -14.49285316 693.85253906
47.93669891 -14.49480629 693.85253906
47.95231628 -14.49675941 693.85253906
47.98103333 -14.49480629 693.85253906
48.02510834 -14.49480629 693.85253906
48.13108826 -14.50847816 693.85253906
48.17370605 -14.53386879 693.85253906
48.21804047 -14.55535316 693.85253906
48.26235962 -14.56121254 693.85253906
48.30644989 -14.55730629 693.85253906
48.35222626 -14.54363441 693.85253906
48.39608002 -14.52800941 693.85253906
48.44185638 -14.51238441 693.85253906
48.48594666 -14.50457191 693.85253906
48.66422272 -14.48504066 693.85253906
48.70831299 -14.48699379 693.85253906
48.75238800 -14.48504066 693.85253906
48.79648590 -14.48113441 693.85253906
48.84079742 -14.48308754 693.85253906
48.88489532 -14.49090004 693.85253906
48.92921448 -14.49675941 693.85253906
48.97330475 -14.49871254 693.85253906
49.01956177 -14.50652504 693.85253906
49.16162109 -14.50066566 693.85253906
49.20571136 -14.50261879 693.85253906
49.24979401 -14.50261879 693.85253906
49.29412842 -14.50847816 693.85253906
49.34015656 -14.51238441 693.85253906
49.38447571 -14.51824379 693.85253906
49.42880249 -14.52996254 693.85253906
49.47312164 -14.53777504 693.85253906
49.51721954 -14.53972816 693.85253906
49.56153107 -14.55144691 693.85253906
49.60586548 -14.56511879 693.85253906
49.65018463 -14.56902504 693.85253906
49.69403839 -14.55925941 693.85253906
49.73980713 -14.53972816 693.85253906
49.78366089 -14.51433754 693.85253906
49.82751465 -14.49675941 693.85253906
49.87329102 -14.47527504 693.85253906
49.96121979 -14.46160316 693.85253906
50.00554657 -14.46550941 693.85253906
50.18781281 -14.45769691 693.85253906
50.32225800 -14.46550941 693.85253906
50.27622223 -14.45965004 693.85253906
50.23214722 -14.45965004 693.85253906
50.14373779 -14.45183754 693.85253906
50.09940338 -14.44793129 693.85253906
50.05532837 -14.44402504 693.85253906
50.01099396 -14.44207191 693.85253906
49.96690369 -14.44207191 693.85253906
49.87655640 -14.43425941 693.85253906
49.83247375 -14.44011879 693.85253906
49.78862762 -14.45574379 693.85253906
49.74478912 -14.47136879 693.85253906
49.69899750 -14.48699379 693.85253906
49.11730194 -14.49871254 693.85253906
49.07321167 -14.49675941 693.85253906
49.02889252 -14.49090004 693.85253906
48.98480225 -14.48894691 693.85253906
48.89639282 -14.48699379 693.85253906
48.85207367 -14.47527504 693.85253906
48.80798340 -14.46941566 693.85253906
48.76197052 -14.47136879 693.85253906
48.71787262 -14.47527504 693.85253906
48.61990356 -14.47722816 693.85253906
48.57581329 -14.47527504 693.85253906
48.53002167 -14.49090004 693.85253906
48.08651733 -14.49090004 693.85253906
48.04218292 -14.48308754 693.85253906
47.99834442 -14.48894691 693.85253906
47.90799713 -14.49090004 693.85253906
47.86390686 -14.48894691 693.85253906
47.80419922 -14.48504066 693.85253906
47.75818634 -14.48699379 693.85253906
47.73165894 -14.49675941 693.85253906
47.71408844 -14.49675941 693.85253906
47.67001343 -14.50261879 693.85253906
47.62592316 -14.50066566 693.85253906
47.58184052 -14.50261879 693.85253906
47.26912689 -14.51238441 693.85253906
47.22649384 -14.49285316 693.85253906
47.18241119 -14.48699379 693.85253906
47.13808441 -14.48113441 693.85253906
47.07715607 -14.45769691 693.85253906
47.03308105 -14.46355629 693.85253906
46.98705292 -14.46550941 693.85253906
46.94297028 -14.46746254 693.85253906
46.89888000 -14.47527504 693.85253906
46.85502625 -14.48504066 693.85253906
46.76467896 -14.48504066 693.85253906
46.72060394 -14.48113441 693.85253906
46.67626953 -14.47918129 693.85253906
46.63219452 -14.47722816 693.85253906
46.54378510 -14.47136879 693.85253906
46.49969482 -14.47136879 693.85253906
46.45561218 -14.47332191 693.85253906
46.41152191 -14.47918129 693.85253906
46.36549377 -14.48504066 693.85253906
45.94729614 -14.49090004 693.85253906
45.92222595 -14.48504066 693.85253906
45.90491486 -14.47527504 693.85253906
45.87960815 -14.46746254 693.85253906
45.86058044 -14.45965004 693.85253906
45.81626129 -14.44793129 693.85253906
45.77192688 -14.44597816 693.85253906
45.72783661 -14.44402504 693.85253906
45.68351746 -14.44011879 693.85253906
45.63942719 -14.44207191 693.85253906
45.49343872 -14.43816566 693.85253906
45.41853333 -14.42840004 693.85253906
45.37419891 -14.41277504 693.85253906
45.28578949 -14.39324379 693.85253906
45.24147034 -14.39519691 693.85253906
45.19761658 -14.40300941 693.85253906
45.15352631 -14.40886879 693.85253906
45.10751343 -14.41863441 693.85253906
45.06365967 -14.43425941 693.85253906
44.96011353 -14.41668129 693.85253906
44.91771698 -14.40691566 693.85253906
44.88659668 -14.40105629 693.85253906
44.84421539 -14.38347816 693.85253906
44.78498840 -14.38152504 693.85253906
44.74066162 -14.36980629 693.85253906
44.69657898 -14.36394691 693.85253906
44.65248871 -14.37761879 693.85253906
44.35812378 -14.34832191 693.85253906
44.26971436 -14.34050941 693.85253906
44.22539520 -14.33074379 693.85253906
44.20014191 -14.32293129 693.85253906
44.15606689 -14.31707191 693.85253906
44.11173248 -14.31316566 693.85253906
