44.73625946 -14.31707191 715.84545898
44.69218445 -14.33269691 715.84545898
44.33489227 -14.37957191 715.84545898
44.29251862 -14.37566566 715.84545898
44.24419403 -14.38152504 715.84545898
44.20216370 -14.39129066 715.84545898
44.15807343 -14.39715004 715.84545898
44.11206055 -14.41668129 715.84545898
44.01770782 -14.44402504 715.84545898
43.97363281 -14.44988441 715.84545898
43.92929840 -14.45574379 715.84545898
43.88921356 -14.45769691 715.84545898
43.88328552 -14.46160316 715.84545898
43.83918762 -14.46941566 715.84545898
43.79487610 -14.48113441 715.84545898
43.48167419 -14.52019691 715.84545898
43.16861725 -14.44597816 715.84545898
43.12598419 -14.42644691 715.84545898
43.08360291 -14.41277504 715.84545898
43.03903198 -14.40105629 715.84545898
42.99665070 -14.39519691 715.84545898
42.90824127 -14.39324379 715.84545898
42.86390686 -14.38543129 715.84545898
42.82128143 -14.36785316 715.84545898
42.77889252 -14.35222816 715.84545898
42.73455811 -14.35808754 715.84545898
42.68854523 -14.37761879 715.84545898
42.49026489 -14.43230629 715.84545898
42.44425201 -14.44597816 715.84545898
42.37388611 -14.44988441 715.84545898
42.32761383 -14.45769691 715.84545898
42.28353882 -14.46355629 715.84545898
42.04943085 -14.41863441 715.84545898
42.00703430 -14.40300941 715.84545898
41.96271515 -14.40105629 715.84545898
41.91838837 -14.40105629 715.84545898
41.87430573 -14.40496254 715.84545898
41.82997131 -14.41277504 715.84545898
41.78395844 -14.42254066 715.84545898
41.73986816 -14.43230629 715.84545898
41.69361115 -14.44207191 715.84545898
41.64758301 -14.45965004 715.84545898
41.55177307 -14.48308754 715.84545898
41.46334839 -14.49480629 715.84545898
41.41927338 -14.49871254 715.84545898
41.37871552 -14.50457191 715.84545898
41.37493896 -14.50066566 715.84545898
41.32892609 -14.50261879 715.84545898
41.01403046 -14.56902504 715.84545898
40.96969604 -14.56707191 715.84545898
40.92537689 -14.57488441 715.84545898
40.42639160 -14.69988441 715.84545898
40.40106201 -14.72918129 715.84545898
40.44709015 -14.71160316 715.84545898
40.47071075 -14.69988441 715.84545898
40.49310303 -14.69402504 715.84545898
40.51480103 -14.69207191 715.84545898
40.56082153 -14.67840004 715.84545898
40.60684967 -14.66472816 715.84545898
40.65092468 -14.65105629 715.84545898
40.69719696 -14.64519691 715.84545898
40.74128723 -14.63933754 715.84545898
40.78730774 -14.62566566 715.84545898
40.83333588 -14.60808754 715.84545898
40.87934875 -14.59050941 715.84545898
41.05641174 -14.57879066 715.84545898
41.10050201 -14.57879066 715.84545898
41.14653015 -14.56121254 715.84545898
41.19255066 -14.54168129 715.84545898
41.23857880 -14.52996254 715.84545898
41.28459167 -14.51629066 715.84545898
41.42303467 -14.51433754 715.84545898
41.46736908 -14.51433754 715.84545898
41.51144409 -14.50457191 715.84545898
41.55577850 -14.49675941 715.84545898
41.60179138 -14.48308754 715.84545898
42.09204865 -14.43621254 715.84545898
42.13638306 -14.44011879 715.84545898
42.17876434 -14.44793129 715.84545898
42.22116089 -14.46550941 715.84545898
42.26548004 -14.47332191 715.84545898
42.30980682 -14.47136879 715.84545898
42.35414124 -14.46550941 715.84545898
42.40015411 -14.45769691 715.84545898
42.41822052 -14.44988441 715.84545898
42.46229553 -14.44793129 715.84545898
42.50662994 -14.43816566 715.84545898
42.55240631 -14.42254066 715.84545898
42.59674072 -14.41082191 715.84545898
42.64275360 -14.39910316 715.84545898
42.95255280 -14.39715004 715.84545898
43.13652039 -14.44597816 715.84545898
43.17890167 -14.45965004 715.84545898
43.21123505 -14.46550941 715.84545898
43.22129822 -14.47332191 715.84545898
43.25363159 -14.48504066 715.84545898
43.26416016 -14.50066566 715.84545898
43.29431915 -14.51238441 715.84545898
43.30485535 -14.53191566 715.84545898
43.33695221 -14.53972816 715.84545898
43.34723663 -14.54558754 715.84545898
43.39350891 -14.53972816 715.84545898
43.43758392 -14.52800941 715.84545898
43.52599335 -14.51824379 715.84545898
43.57032776 -14.52215004 715.84545898
43.61464691 -14.52410316 715.84545898
43.65873718 -14.52215004 715.84545898
43.70305634 -14.51629066 715.84545898
43.74908447 -14.50066566 715.84545898
43.93158722 -14.46941566 715.84545898
43.97422791 -14.48113441 715.84545898
44.02025604 -14.46941566 715.84545898
44.06603241 -14.44402504 715.84545898
44.10611725 -14.43621254 715.84545898
44.15214539 -14.41863441 715.84545898
44.19818115 -14.39715004 715.84545898
44.24624634 -14.38347816 715.84545898
44.37922668 -14.38347816 715.84545898
44.42331696 -14.38543129 715.84545898
44.46763611 -14.38738441 715.84545898
44.51197052 -14.38738441 715.84545898
44.55435181 -14.39129066 715.84545898
44.59868622 -14.38738441 715.84545898
44.64445496 -14.36785316 715.84545898
44.78059387 -14.31902504 715.84545898
44.91951752 -14.35027504 715.84545898
44.96189880 -14.36004066 715.84545898
45.04097748 -14.36394691 715.84545898
45.17990112 -14.39910316 715.84545898
45.22253418 -14.41668129 715.84545898
45.26685333 -14.43035316 715.84545898
45.31118011 -14.42644691 715.84545898
45.35526276 -14.41277504 715.84545898
45.57665253 -14.41472816 715.84545898
45.61903381 -14.42449379 715.84545898
45.66506195 -14.41472816 715.84545898
45.68576050 -14.41082191 715.84545898
45.73009491 -14.40886879 715.84545898
45.77610779 -14.39519691 715.84545898
45.82019806 -14.38738441 715.84545898
45.86428833 -14.37761879 715.84545898
45.90860748 -14.36785316 715.84545898
45.95270538 -14.36590004 715.84545898
46.08397675 -14.38738441 715.84545898
46.12830353 -14.39519691 715.84545898
46.17238617 -14.39129066 715.84545898
46.21671295 -14.38152504 715.84545898
46.39353943 -14.36394691 715.84545898
46.43786621 -14.38152504 715.84545898
46.48024750 -14.38738441 715.84545898
46.52458191 -14.38347816 715.84545898
46.57059479 -14.37761879 715.84545898
46.65731049 -14.38347816 715.84545898
46.70188141 -14.39324379 715.84545898
46.74596405 -14.38347816 715.84545898
46.85096741 -14.35613441 715.84545898
47.11303711 -14.38347816 715.84545898
47.15761566 -14.39519691 715.84545898
47.20193481 -14.39715004 715.84545898
47.24578094 -14.37761879 715.84545898
47.41401672 -14.34832191 715.84545898
47.42453766 -14.34832191 715.84545898
47.45663452 -14.35418129 715.84545898
47.46691895 -14.36590004 715.84545898
47.51149750 -14.37371254 715.84545898
47.71872711 -14.39715004 715.84545898
47.76328278 -14.40496254 715.84545898
47.80761719 -14.41472816 715.84545898
47.84999847 -14.43035316 715.84545898
47.89433289 -14.42449379 715.84545898
48.11522675 -14.39715004 715.84545898
48.15980530 -14.41277504 715.84545898
48.20413208 -14.41472816 715.84545898
48.24821472 -14.40691566 715.84545898
48.33662415 -14.39910316 715.84545898
48.38071442 -14.38738441 715.84545898
48.47531891 -14.38933754 715.84545898
48.51964569 -14.39129066 715.84545898
48.56372833 -14.38738441 715.84545898
48.69477081 -14.39910316 715.84545898
48.73908997 -14.40496254 715.84545898
48.78342438 -14.41082191 715.84545898
48.82580566 -14.41472816 715.84545898
48.87013245 -14.41277504 715.84545898
49.04695892 -14.40105629 715.84545898
49.09128571 -14.40105629 715.84545898
49.17993927 -14.40496254 715.84545898
49.22232056 -14.41472816 715.84545898
49.26859283 -14.40691566 715.84545898
49.31266785 -14.39324379 715.84545898
49.35652161 -14.36980629 715.84545898
49.42618561 -14.38347816 715.84545898
49.46881866 -14.39519691 715.84545898
49.51313782 -14.39715004 715.84545898
49.55747223 -14.40300941 715.84545898
49.60178375 -14.40691566 715.84545898
49.64611816 -14.40886879 715.84545898
49.69019318 -14.40691566 715.84545898
49.77690887 -14.41082191 715.84545898
49.82124329 -14.41668129 715.84545898
49.86556244 -14.41863441 715.84545898
50.13713837 -14.44597816 715.84545898
50.21630096 -14.44402504 715.84545898
50.26231384 -14.42840004 715.84545898
50.30616760 -14.40886879 715.84545898
50.29903412 -14.37566566 715.84545898
50.25494385 -14.39519691 715.84545898
50.21110535 -14.41472816 715.84545898
50.12934875 -14.41668129 715.84545898
50.04239655 -14.40300941 715.84545898
49.99806213 -14.39910316 715.84545898
49.95372772 -14.39324379 715.84545898
49.90965271 -14.40496254 715.84545898
49.73258972 -14.40691566 715.84545898
49.40253448 -14.35222816 715.84545898
49.33898926 -14.33660316 715.84545898
49.13560486 -14.39715004 715.84545898
49.00457764 -14.39324379 715.84545898
48.96024323 -14.38933754 715.84545898
48.91616821 -14.39910316 715.84545898
48.65043640 -14.38933754 715.84545898
48.60806274 -14.38347816 715.84545898
48.43075562 -14.37371254 715.84545898
48.42478943 -14.37371254 715.84545898
48.38812256 -14.35418129 715.84545898
48.34574127 -14.34636879 715.84545898
48.30165100 -14.35027504 715.84545898
48.29230499 -14.39910316 715.84545898
48.07260895 -14.37566566 715.84545898
48.03021240 -14.36785316 715.84545898
47.98419952 -14.37761879 715.84545898
47.94010162 -14.40105629 715.84545898
47.67609406 -14.37371254 715.84545898
47.63371277 -14.35613441 715.84545898
47.58937836 -14.35222816 715.84545898
47.54505920 -14.35027504 715.84545898
47.50072479 -14.35027504 715.84545898
47.38190460 -14.33074379 715.84545898
47.36968231 -14.32879066 715.84545898
47.33782959 -14.33465004 715.84545898
47.29180145 -14.35418129 715.84545898
47.07064819 -14.37175941 715.84545898
47.02632904 -14.36980629 715.84545898
46.98199463 -14.36785316 715.84545898
46.93961334 -14.35808754 715.84545898
46.89527893 -14.35222816 715.84545898
46.80663300 -14.35027504 715.84545898
46.76255035 -14.35222816 715.84545898
46.71822357 -14.36004066 715.84545898
46.67414093 -14.36785316 715.84545898
46.58549500 -14.36590004 715.84545898
46.54140472 -14.36590004 715.84545898
46.49707031 -14.37175941 715.84545898
46.41035461 -14.35027504 715.84545898
46.35089874 -14.34832191 715.84545898
46.30657959 -14.34246254 715.84545898
46.26248932 -14.36004066 715.84545898
46.04135132 -14.37566566 715.84545898
45.99701691 -14.37175941 715.84545898
45.97632599 -14.36394691 715.84545898
45.93199158 -14.36394691 715.84545898
45.88767242 -14.36590004 715.84545898
45.84358215 -14.36590004 715.84545898
45.79926300 -14.36785316 715.84545898
45.75517273 -14.38152504 715.84545898
45.70914459 -14.39910316 715.84545898
45.64337921 -14.40496254 715.84545898
45.53401947 -14.39715004 715.84545898
45.48970032 -14.39324379 715.84545898
45.44536591 -14.39715004 715.84545898
45.40129089 -14.40300941 715.84545898
45.13726044 -14.37761879 715.84545898
45.09487915 -14.36394691 715.84545898
45.05055237 -14.35418129 715.84545898
44.95595551 -14.34050941 715.84545898
44.91162872 -14.32879066 715.84545898
44.86924744 -14.32097816 715.84545898
44.82491302 -14.31902504 715.84545898
